-3.2567619188085
4.29110706857498
1.03390635943021
2.33863709051592
-7.51814833015807
0.481357760518518
7.83431235052899
0.0163923059963689
5.98661720262935
3.01585791893114
-1.77239677049924
0.604231155902249
9.58756351309595
4.65052920341362
5.41690907466711
-2.91740861215019
1.99303281952741
4.42956603364308
-6.3220160646404
0.21993506777506
6.64208842022253
2.89241755361308
-3.63177974824394
3.76478948988998
2.52265242794184
7.24530577223888
6.71456344350734
7.8976957338598
-6.45154461281585
1.41680771180687
0.0491931759697429
-0.713443683923379
0.73242719598763
-6.6449011388969
-10.9810493479799
-3.43570138813331
6.67843726151659
-14.486115476425
2.28728048442605
6.02458198732728
5.60504408319154
-2.5175330009792
5.57048409998409
8.53933259104932
2.12504780479216
-4.21093655462924
2.16508452227058
5.44952907597909
4.07004072138656
-1.18995307147931
-9.62543480671472
-0.366849197956304
-3.01297570991659
0.187199011639171
-3.45050203805039
0.787110475604034
4.13872532286017
-0.370011272615639
-6.89954508516792
3.83809600903557
-2.22703625058287
0.429413830033742
-2.0988118859068
2.07866533733659
-2.77426880510534
-3.72957433817484
-0.545590328578969
2.51087658474359
-5.56411446956589
3.99423275114884
1.06186876593249
-1.53214781447611
1.45369122845267
-4.39601167444204
11.1624004632864
0.540071610566553
-2.24531638793821
-2.6210890048085
6.30947788275313
0.730307068690681
-8.10972579193712
1.11809043566551
4.2296602154867
4.36182434048964
2.00418398341154
2.09125668064067
-4.89251400921983
1.96936230406332
-1.45105416909183
5.8252426268399
-4.62205322965074
2.62040420376767
0.466056905561663
-4.05332691398593
9.49352045297212
5.26187721808196
-0.688762000375703
-7.59186599143054
0.649320402219658
-6.30188122109693
-3.12769104861244
-1.8110792406254
2.10692161917983
3.83773399263726
-2.77473897110529
2.69803486208822
-2.17080344319864
-3.37767876408015
-4.16357569933037
1.51145345270803
0.580738991075517
8.54131996998149
9.96766543295822
6.47991529415117
1.87790772274591
-0.181432855038298
-3.87432585979183
1.53769215658211
-1.03202395587807
-2.10796296783059
4.3608272989526
7.35628996549577
9.23011928836597
-1.70039204434333
6.15188039422271
6.18287077673056
3.82297462393698
-1.89140569275417
-3.86540130094804
-8.86521377184703
0.929767755695699
5.32984153678584
-5.10855357051309
4.71981090382321
10.064420008153
-0.318079812399924
0.186786852451756
-2.51178062901364
2.17422439479458
-8.54092008115651
3.28411737677816
-1.93830547712223
0.26307139378711
-0.0981850732040709
0.726029796047421
4.98512145919284
0.517549458421858
3.37883372455661
-1.48415087700537
2.72930993253845
0.57500322346609
-1.7070522784808
-2.88952486046285
3.44776050084809
-3.03439949199437
5.85760803212445
-1.11094829782242
2.82895172924873
2.53485915850289
3.7901059857462
-7.53256591698668
1.9192739464066
4.39170557342227
-0.986041861567834
6.12123138387229
3.67225720296913
-6.68884744925828
-5.95582587462576
5.07532819482725
-2.35776617176282
-4.28566295551637
3.71048056941667
-1.55142563637968
-1.63105314355306
-2.37495776654764
-11.2749452467921
-2.82953027882071
0.655727456428019
1.82781976489449
8.31781960995744
2.36822612529744
-0.855085792532645
1.86628713191598
-5.69459802084275
2.02128134410147
2.27686453419573
3.30417819766776
8.25765051960657
2.57492239045033
-1.63295307483044
3.48818883513317
8.0553947056987
-2.60953482352193
-1.52073614466761
10.1390255813982
4.81822684515488
2.95681087221022
3.24963097676018
-7.74866900293137
-6.69518757794128
5.95977923100412
1.96317406260343
-7.13297307927799
-4.44850386665831
-4.08338712764834
-7.97119877141763
-0.534236057323996
2.45460140667337
4.18201657125395
0.363269556212906
-4.94326489275227
-0.412974329092541
-5.83046173085554
0.607502604649386
-0.262773820451116
-5.802508446538
-2.95063662686382
-6.11703437498903
-4.09560226581779
-5.96566941259896
-7.71449180950218
-2.59933562552786
-0.195554794454884
2.29165439585269
-3.33521074686862
-7.96135112489836
-2.05221556279462
5.57267965335661
3.71257491897462
2.77400103332129
8.55417694915222
-6.01214283193905
4.27171881901167
-2.62223319786644
8.77659595636754
4.31889042367103
-1.65293305798991
-4.00417646068057
0.455589188439527
-4.30376214000312
-8.24282956913692
0.00533082308099788
1.27747752449968
-2.7927013588396
10.2475281743216
6.72077182441198
7.02078989148638
-0.987477978557869
5.03766131496869
-2.81605235211656
5.3710743559174
2.30350277253283
2.12829269123366
2.76483386233411
-1.04971597255998
-1.10585398564346
6.24496069950993
-4.91681803288799
-2.77507111238736
-4.94681023124027
-0.0386642918892669
-8.38486402729516
-5.17030372531631
0.345405465732446
-5.77468451517184
-2.98761456501569
8.93834052153083
-3.6558060301078
-8.80797358477826
1.54782998824428
-4.74695855968816
5.48923639981001
-4.15449617153197
3.29821245303328
0.0246771351767886
7.91072889726837
4.73473819724333
0.0770491550542877
0.1484703012266
0.837983753017905
-3.45602577201835
5.30527366661184
3.93373841879898
5.15248461749669
5.73174610844165
-4.76019433603269
4.8865695453304
3.05778174947203
-1.90017379073462
0.97006191575358
-7.32575379683949
9.81221624970403
-3.84242213628571
-5.50944859147633
-1.34518147611247
5.94078252752519
-2.47479653758986
-1.59524157602994
-5.96013563050037
-1.70911613043114
0.00641287125630089
5.16755530572404
-4.49037611097694
5.26403311895016
-1.26572940417487
-2.27342890385428
-4.36899412935402
0.52134128901335
3.90317348124386
1.54980934376797
7.29698376953787
7.26946256544474
-5.30348668466301
2.61193251050389
4.46858549889326
1.76470097322969
3.01722292273682
-4.64699616614473
-7.08011299077023
6.47469853192709
3.09115276100327
4.18462195469492
1.14793783649643
1.55795907821145
-4.18299699041546
-5.781989532213
0.481269797047151
3.8448819328324
2.40660471154122
-5.027108340545
4.72370157192589
0.978874988838872
6.52835398473524
0.377921438579495
-4.30978479981306
5.81258448533887
4.71817278381886
7.79982829541952
6.61688543184175
-2.700900303498
-4.95427249728108
-8.58051471490397
3.53054418159251
9.29207872822163
2.90736511456461
1.74005320285802
-1.76371933174658
4.3780025632955
-2.41859753365943
4.94186846993679
-5.1242330053007
-10.8746788641577
2.36717348075189
5.73299366065681
-0.854440891312151
-3.12123382751627
-3.21083514800512
-1.18653919510777
-7.31132983349235
-8.35907250929069
-4.98842871921563
-5.16017661389012
8.14348399078274
-9.56518752091451
-0.469251083155683
-4.83460577410167
-4.40047504131335
7.85627122629619
-1.26091176062342
-0.179723020202107
9.3189862901904
7.93293709352723
-8.36434849079933
2.27290109924113
5.15807721442626
3.8473717234237
-3.43220797155885
3.63116415276201
-1.67667364859592
3.61685470262859
-1.47370653348439
-1.28663627758003
0.319946547151866
9.11872429397252
3.78339231491709
-1.71119271382704
3.9487833456325
1.89028829420711
-2.6497844451807
0.572472552341006
-4.37833092886098
-2.55036300015561
-5.30140132093848
9.89028566740845
4.36306413871281
-3.74241784267829
3.86440120212445
-7.91329670683098
0.245637451741738
-14.6668655060129
3.41493444893665
-2.28586950598517
-0.609778956566772
2.44919135868092
11.6436616271042
-0.763356992918912
-0.961207434625034
8.47689758463271
-10.5845366603957
-2.23236752945776
-10.0843652325705
-6.31489287278095
12.6931606783018
2.35098791756654
-5.35334906737835
6.5607254376556
-9.15022838625655
-4.58166890171915
5.72812885997517
-1.82515643115839
-0.420727924038237
-2.97073362230217
5.78685925568933
-8.80584172458941
-0.423432686788272
-6.48362189986397
0.770444449713831
-6.01987882894106
0.258435074250635
2.29778468930193
4.40136445664307
-4.39447992896092
3.2498653200569
-4.59442634852655
-0.222818561941215
-1.94504538062075
1.2640278183576
4.52270410027607
0.00338428178095812
-9.59417359085287
-0.749693963970511
3.37056670254297
1.96258027562749
2.46608239072485
1.65253141931826
-6.43397732798827
-4.40161937860292
-10.5416851655744
-6.06504629291048
1.22592727514902
-8.72457503477891
-10.0484655636441
-14.3563402261815
0.841515066313674
-1.85115416036938
4.48812695260999
2.30886264376319
0.65300786290059
16.4732619329039
12.0755433932243
2.35790238312261
4.18124436660802
-2.73953032719917
-0.306758286240598
9.07208870875615
-4.81625933288442
7.23614640990072
4.4979063509349
-4.60326876651837
3.50469460825696
-4.97414777236872
2.18548937837773
-0.868702953030859
5.25620107213006
0.662990365331972
-0.257375428333884
-0.955948076874804
7.752906496575
-8.13660489120604
3.26118436410332
11.1483007827361
-1.45618266579033
-11.0026691043123
-3.9164350437641
4.76120147319495
-5.40796029893766
-4.36682150209735
-7.57274521623182
5.98143472828689
-1.33146659663091
-7.75073810521174
-0.893925808033942
1.00314490325351
-0.315889051205481
-1.79859169555116
-3.72408611847229
0.801113743118069
-11.1563968363597
1.521870763193
-2.42681487520987
10.2236341245808
-12.1194541468789
7.24034285310993
1.33606391857233
1.87396516203043
1.34860011179361
-3.49500957967208
-3.16361282060839
1.24225973621365
-0.0458719820684373
-3.22819532693338
1.88434126939094
-0.706388747332464
-5.23866948634801
-7.3126127479166
2.87093940210514
7.60347858163859
-0.143238706161225
0.364516523904866
-4.20708211442677
-9.0233355376558
8.0123859561108
2.55240978812237
-3.14772598985834
-2.46265657857393
-2.5104070188205
-4.73274698061577
-2.57887202022944
6.65468177679423
1.90689754047316
-0.0971557339699525
-10.6740231624041
-2.08386908320422
-1.85842531542325
5.9566363406897
-7.37920156442771
9.01744892605539
5.23806120577147
2.28201805909905
4.06293581973876
-6.7137659155535
3.29830326418625
7.33501749338478
1.25160387439952
0.803941220766893
-7.28351616239867
-2.44290953348271
4.27069063903591
1.72212505085714
0.525197872637044
0.844237409517611
4.02165019610837
-1.56570779325027
5.89698347576146
-4.63334576246659
-3.02715236695463
5.17254876796483
-5.40022232835108
4.35757505233808
-4.14824621480251
-8.97275571707608
7.95445517187799
2.36689937865129
6.57695018860575
-3.80596221355724
2.34133479026561
-3.09965682163793
-5.51742576023662
-3.28155172004306
-0.897014166769039
3.6255987046729
-3.12054501687102
2.89257170517576
-1.55981717811278
-0.970173335648801
-1.63052257150671
5.52666514046157
-5.6670565023546
-2.0254869213691
10.3166960913913
1.47341763847029
-0.351319556469007
-2.21917129708034
2.23093569576731
1.49598659005841
9.06393541186852
3.29789421646819
3.13627933532598
5.15362296372028
-1.17386497950104
-4.82052157311609
0.156420177390537
-3.59662312304733
-1.43539319049679
-2.73758340318784
0.770321310542841
1.73153710122192
3.34192980367107
-4.11568926491195
-4.84435347028947
-5.19129965538401
5.16904185822025
5.72531098998664
-0.177653025952762
1.62280605165181
6.28448451528409
3.94657942263739
4.47234055475232
-5.6635224785984
-0.387005767902635
-3.73677409300164
2.43990163193498
7.93764893349293
1.77946546735843
-1.8147080695214
0.659030974551606
2.152640287822
2.71483413932297
0.276329721702364
-3.40275000061759
-0.886325723170144
7.18604189999746
-2.39485997580469
0.768118000522306
-0.584340833180708
-2.43518516779639
-1.18693116326351
-1.61706663728203
-1.67853233685887
5.32888021444631
3.6610439439447
1.68703485963479
9.51696430886989
-5.70283165844077
-1.57709562751075
2.8640641094175
-0.201589478842057
2.4238503231774
-0.0310461945707325
-5.30295415580638
-9.19525165893644
-0.685434995320432
-8.20866626610294
-4.19912671005565
4.0297684422125
-7.51269814196573
-1.33407104033068
-1.35067222481504
5.08954818326087
3.76755246589187
8.14597699564709
1.76110702365133
-3.61868301575166
-8.66276469890314
3.36142540991086
-0.824886052567785
-6.17839175342851
6.83413338141146
0.754092206741571
2.74150833959995
-6.18949438047323
0.213394157037964
-5.85200010891896
2.19453664511386
1.24529177061451
-2.17850562076668
-4.64638678087916
6.20540755522986
-3.23029354151748
7.66551527104925
-3.62652625090238
-0.780029618240956
10.5914264620534
5.8923112914605
-0.59444858330204
-5.63017981477682
2.20771624637657
-7.85351444224262
11.3661197437724
0.0452057105176112
-1.01679942471951
-1.3951713358149
-7.12783782815113
-7.35039672439045
-3.7499617248403
0.350004773651686
-1.66102046577786
-1.45298014819561
-1.70359718831004
0.69994521302445
-4.34718655863075
6.96910367880801
1.51091944458471
-4.19577691507922
7.77774268087762
-0.4030530760654
7.48488569929691
-3.32388634101005
-2.24159156839209
-4.58508280665508
-1.36801752362042
5.12140308262468
6.75208922817888
-4.30705665682671
-4.79209183802873
-6.2256091981527
-2.10589330085971
0.484819404894516
2.28845886098945
-5.18723545968995
1.280446520243
3.28526745610914
-6.55669282493253
-4.83450701208906
-1.35756105027646
-3.61453580023497
-2.06204703202599
3.58439824770552
3.60841916892965
4.67696471417919
-4.94574964400833
-3.29186872507091
7.70418138039026
2.05656667197216
2.89197720721397
0.764402381755295
0.68551291710978
-14.6255934127692
1.77126353079207
2.77369668642054
-1.81184958042274
3.56685327263126
10.2151793907231
7.44082628864414
1.54646924527763
2.59393957331499
-0.578250228936141
2.74636525372677
1.21036486258728
1.34368287529511
-1.0887154811635
-3.25973060484311
5.96545818134927
2.3882833004087
3.02719469377929
-1.4251679934804
-6.51580074787969
1.17146490635848
-2.60737746613982
-10.1367714130379
4.99453142077606
7.79287036453402
-7.44427082146092
1.93118598498987
1.44906242694666
12.3279709707492
0.0517017922288525
-9.12650192703531
-3.37479422907368
-1.41375830091169
-3.76469293503683
7.73743895530386
-5.85142523829702
6.9500134958661
-5.49898345096968
-1.77372156328963
3.71606255701131
-0.211956644635417
-2.11975497632849
3.51089561773817
-0.510364060502192
1.31163646935569
-9.79627516506426
4.29039596675166
5.86255117451918
8.86198013832659
12.711916708883
0.253462517198512
-3.78299858923161
-2.60826079101187
3.82938511505506
-5.78718735540596
-1.73363351884751
8.75423025675065
2.63948998489175
-0.816155414473908
-2.53389278991922
-1.93940580439229
-3.99192434273572
2.13577066367632
-4.9120413201295
-3.58146121973663
-0.425228211382959
-4.71127003026463
-5.19383411521002
3.87420013558309
-1.36585213234121
-4.86221879448822
4.99374043833006
-4.47163092670279
10.005882513311
-11.2514761162102
-5.57455419748948
2.205882682542
-0.250774955447496
-10.2615659715882
3.05840309935372
-3.35671311147868
0.352968751485941
1.50677218735462
-8.47556320681912
-1.90309727658186
-7.18218070846674
-8.44343194289498
11.105160119716
-4.92826814241808
12.5141726800297
1.89999180445463
8.52586733218553
-1.61524048701676
3.59244029559985
-1.46688980878554
1.35044569639109
12.6727164377269
-0.981921250869577
-4.65037156176803
-1.88275975189835
8.32173006011963
-4.61085298509503
-2.87882884734645
-0.536052161119344
4.59856496227384
-7.47153520047919
0.645130304415843
-8.49926816269208
3.87331354602522
7.39696781129986
9.32756643171538
-4.81087843523328
-6.27525083757697
-8.02652450453909
5.73378130763
-2.0390864179898
2.86650379488687
1.78733330857972
5.95679450398569
-3.13047873203545
-4.21030720455027
-0.773458726344289
-2.40056969457696
5.86721549111806
2.1527378486927
1.28857657216592
3.17494745762122
-1.2002391168776
11.0877928471834
-4.15965300395201
-4.14329033227228
-2.48975315810406
-3.68712022577911
1.38503309466739
-1.70823018953608
-2.34016873781799
1.21227827591505
-3.44825443896417
1.30395833594204
-0.695753271518507
4.96357846840535
3.88600406416792
-5.131042649547
-10.6308690776389
-2.84067774224163
-1.5338206841505
0.353288428935953
3.59118768524892
10.168997916556
1.83822963537759
5.12185713505506
-3.45180070298613
13.6468661189085
15.2543919584706
-0.21659962932283
-3.31213751817628
-3.71583800716495
-1.2518468104246
1.02247299294642
5.59179463367125
-6.56683343478926
2.75003372941939
-2.31390306503738
4.93389400579497
6.10632213747
-4.36405924496745
-12.9010347975678
3.66292117681034
-6.45194577128908
-1.6042333485682
-3.12808588098721
-4.24932979332752
-3.62991121663848
1.73886010931897
2.37355089045443
6.86139953132655
-10.760057807832
-7.97721074713255
1.21357429147255
-10.0056752285678
1.45840880997375
-0.932092125247344
-1.53540987769096
8.05067432427807
1.69398961251023
4.50038341375588
-3.84542220001435
3.2697682265686
-4.25750196532531
-2.54923664942132
1.88585618533449
0.0365420068360151
0.770325809007838
0.599380767362296
-5.90937781780946
-3.04622002550766
10.0766078171555
6.02706248165985
2.31754311593722
-4.52878973309286
3.73246178296549
8.01102924684416
-0.309980943926756
-0.919093257138979
-2.50039849201665
7.83068642534389
6.92530315605441
-5.76868328608434
0.805423283370497
2.67725457136239
4.21107640354562
-3.05108464925341
0.759082806391113
-5.007609536291
-6.15692245985445
4.14355136485231
-4.92699849402548
2.71187348115305
-5.54110862377737
-5.61121175730782
-8.25780936023597
-7.07412176460128
5.56836629706113
-4.81403658997464
-1.23693772011713
-0.90731432959552
-1.21636880946913
0.181142313106922
6.60910525736805
-6.60370095431693
-6.7312462412892
-1.91432324586294
-5.75590580583509
8.00597866420036
0.502769082745799
-6.34576968986832
3.3183660727208
-7.34508838225796
-6.68805431324759
1.01993169178724
4.63098610388549
-7.66852873386603
-10.4240542187681
-1.76320892468419
4.66347962729791
-8.6264345625937
6.90208771098106
-3.41762492404517
6.36439952905
-1.53789467874037
2.87536369226483
4.98323046055056
-4.59181748457256
10.5738590040101
5.99961985898251
-5.9113108049133
-1.44066591701777
-1.61001278944026
4.15671280072109
-1.01788849354437
3.09170055140495
-6.58849176241239
6.18415821112322
4.12200954517182
0.973678547702832
-0.413630436448387
5.48158214075905
15.3796077755541
-2.2421326925965
-4.31532469078621
10.9821639358489
1.82774410213834
-2.11186685223387
