"init.alpha" "init.theta" "init.S1" "init.C1" "init.PI"
-0.51 2.51 0.9 0.9 0.38
-0.39 2.54 0.9 0.9 0.17
0.33 3.81 0.9 0.9 0.78
-2.06 2.41 0.9 0.9 0.07
-0.14 2.64 0.9 0.9 0.74
-0.08 2.7 0.9 0.9 0.84
1.11 3.31 0.9 0.9 0.52
0.38 3.39 0.9 0.9 0.95
-0.86 3.11 0.9 0.9 0.07
-0.38 2.99 0.9 0.9 0.56
______________________________________________________


"init.THETA" -0.16
"init.sigma.theta" 0.75
"prec.theta" 1.77777777777778
"init.LAMBDA" 2.58
"init.sigma.alpha" 0.5
"prec.alpha" 4
"init.beta" 0.25


______________________________________________________


"1" "Perfect Reference standard"


